490,2
490,1
489,3
489,2
489,1
488,3
488,2
488,1
487,3
487,2
487,1
486,10
486,9
486,8
486,7
486,6
486,5
486,4
486,3
486,2
486,1
485,12
485,11
485,10
485,9
485,8
485,7
485,6
485,5
485,4
485,3
485,2
485,1
484,6
484,5
484,4
484,3
484,2
484,1
483,6
483,5
483,4
483,3
483,2
483,1
482,3
482,2
482,1
481,3
481,2
481,1
480,3
480,2
480,1
479,3
479,2
479,1
478,3
478,2
478,1
477,3
477,2
477,1
476,3
476,2
476,1
475,3
475,2
475,1
474,3
474,2
474,1
473,3
473,2
473,1
472,3
472,2
472,1
471,37
471,36
471,35
471,34
471,33
471,32
471,31
471,30
471,29
471,28
471,27
471,26
471,25
471,24
471,23
471,22
471,21
471,20
471,19
471,18
471,17
471,16
471,15
471,14
471,13
471,12
471,11
471,10
471,9
471,8
471,7
471,6
471,5
471,4
471,3
471,2
471,1
470,6
470,5
470,4
470,3
470,2
470,1
469,11
469,10
469,9
469,8
469,7
469,6
469,5
469,4
469,3
469,2
469,1
468,8
468,7
468,6
468,5
468,4
468,3
468,2
468,1
467,7
467,6
467,5
467,4
467,3
467,2
467,1
466,3
466,2
466,1
465,3
465,2
465,1
464,3
464,2
464,1
463,3
463,2
463,1
462,3
462,2
462,1
461,3
461,2
461,1
460,3
460,2
460,1
459,3
459,2
459,1
458,3
458,2
458,1
457,3
457,2
457,1
456,3
456,2
456,1
455,16
455,15
455,14
455,13
455,12
455,11
455,10
455,9
455,8
455,7
455,6
455,5
455,4
455,3
455,2
455,1
2,10
2,9
2,8
2,4
2,2
2,3
2,1
2,0
1,3
4,3
0,383
0,382
0,381
0,380
0,379
0,374
0,352
0,351
0,338
0,336
0,335
0,333
0,332
0,323
0,321
0,243
0,9
0,378
0,1
490,3
491,1
491,3
492,1
492,3
493,1
493,3
494,2
494,3
495,2
495,3
496,2
497,1
497,2
498,1
498,2
498,4
498,5
499,1
499,3
499,4
500,2
500,3
500,5
500,7
501,1
501,3
501,4
501,6
502,1
502,3
502,5
502,6
502,8
502,9
503,1
503,3
503,4
503,6
504,1
504,3
504,4
504,6
505,2
505,3
505,5
505,6
505,8
505,10
505,11
506,2
506,3
506,5
507,1
507,2
507,4
507,5
507,7
507,8
507,10
507,12
507,13
507,15
507,16
507,18
507,20
507,21
507,23
507,24
507,26
507,27
507,29
507,31
507,32
507,34
507,35
507,37
508,2
508,3
509,2
509,3
510,2
510,3
511,2
512,1
512,2
513,1
513,2
514,1
514,3
515,1
515,3
516,1
516,3
517,2
517,3
518,2
518,3
519,2
519,3
519,5
520,1
520,2
520,4
520,5
521,1
521,3
521,4
521,6
521,7
521,9
521,10
521,12
522,2
522,3
522,5
522,6
522,8
522,10
523,1
523,3
524,1
524,3
525,1
525,3
526,2
526,3
527,2
527,3
528,2
529,1
529,2
530,1
530,2
531,1
531,2
532,1
532,3
533,1
533,3
534,1
534,3
535,1
535,2
535,4
535,5
535,7
536,2
536,3
536,5
536,6
537,2
537,3
537,5
537,7
537,8
537,10
538,1
538,3
538,5
538,6
538,8
538,9
538,11
539,1
539,3
539,5
539,6
540,2
540,3
541,2
541,4
541,5
542,2
542,3
542,5
542,6
542,8
542,10
542,11
543,2
543,3
543,5
544,1
544,2
544,4
544,5
544,7
544,9
544,10
544,12
544,13
544,15
544,16
544,18
544,20
544,21
544,23
544,24
544,26
544,28
544,29
544,31
544,32
544,34
544,35
544,37
545,2
545,3
546,2
546,3
547,2
548,1
548,2
549,1
549,2
550,1
550,2
551,1
551,3
552,1
552,3
553,1
553,3
554,2
554,3
555,2
555,3
556,2
556,3
556,5
557,1
557,2
557,4
557,5
558,1
558,3
558,4
558,6
558,7
558,9
558,11
558,12
559,2
559,3
559,5
559,6
559,8
559,10
560,1
560,3
561,1
561,3
562,2
562,3
563,2
563,3
564,2
564,3
565,2
566,1
566,2
567,1
567,2
568,1
568,3
569,1
569,3
570,1
570,3
571,1
571,3
571,5
571,6
572,2
572,3
573,1
573,3
573,4
573,6
573,7
574,2
574,4
574,5
574,7
574,8
574,10
575,1
575,3
575,5
575,6
576,2
576,3
577,2
577,4
578,1
578,3
578,4
578,6
578,7
579,1
579,3
579,4
579,6
580,1
580,3
580,5
580,6
580,8
580,9
580,11
581,1
581,3
581,5
581,6
582,2
582,3
582,5
582,7
582,8
582,10
582,11
582,13
582,15
582,16
582,18
582,19
582,21
582,22
582,24
582,26
582,27
582,29
582,30
582,32
582,34
582,35
582,37
583,1
583,3
584,1
584,3
585,2
585,3
586,2
586,3
587,2
588,1
588,2
589,1
589,2
590,0
590,1
590,3
591,1
591,2
592,0
592,1
592,3
593,1
593,2
594,0
594,1
594,3
594,4
594,6
595,1
595,2
595,4
595,5
596,0
596,2
596,3
596,5
596,6
596,8
596,10
596,11
597,0
597,1
597,3
597,4
597,6
597,8
597,9
598,0
598,1
598,3
599,1
599,2
600,0
600,1
600,3
601,0
601,2
602,0
602,1
602,3
603,0
603,2
604,0
604,1
604,3
605,0
605,2
605,3
606,1
606,3
607,0
607,2
607,3
608,1
608,3
609,0
609,2
609,3
609,5
610,0
610,1
610,3
610,4
611,1
611,2
611,4
611,6
611,7
612,1
612,2
612,4
612,6
612,7
612,9
612,10
613,1
613,2
613,4
613,6
614,0
614,2
614,3
614,5
614,7
615,0
615,2
615,3
615,5
615,6
615,8
615,10
616,0
616,2
616,3
616,5
617,0
617,1
617,3
617,4
617,6
617,7
617,9
617,11
617,12
617,14
618,0
618,2
618,4
618,5
618,7
618,8
618,10
619,0
619,1
619,3
619,4
619,6
620,0
620,2
620,4
620,5
620,7
620,8
620,10
620,12
620,13
620,15
620,16
620,18
620,19
620,21
620,23
620,24
620,26
620,27
620,29
620,31
620,32
620,34
620,35
620,37
620,38
621,0
621,2
621,3
622,1
622,2
623,0
623,2
623,3
624,1
624,2
625,0
625,2
625,3
626,1
626,2
627,0
627,1
627,3
628,1
628,2
629,0
629,1
629,3
630,1
630,2
631,0
631,1
631,3
632,0
632,2
632,4
632,5
633,0
633,1
633,3
633,5
633,6
634,1
634,2
634,4
634,5
634,7
634,9
634,10
634,12
635,0
635,2
635,4
635,5
635,7
635,8
635,10
636,0
636,2
637,0
637,1
637,3
638,0
638,2
639,0
639,1
639,3
640,0
640,2
641,0
641,1
641,3
642,0
642,2
642,3
643,1
643,3
644,0
644,2
644,3
645,1
645,3
646,0
646,2
646,3
647,1
647,2
647,4
647,6
648,0
648,2
648,3
649,0
649,2
649,3
649,5
649,6
650,0
650,1
650,3
650,5
650,6
651,0
651,1
651,3
651,5
652,0
652,2
652,3
652,5
653,1
653,2
653,4
653,5
654,1
654,2
654,4
654,6
655,0
655,2
655,3
655,5
655,7
656,0
656,2
656,3
656,5
656,6
657,0
657,2
657,3
657,5
658,0
658,2
658,4
658,5
659,0
659,1
659,3
659,4
660,0
660,2
660,3
660,5
660,6
661,1
661,3
661,4
661,6
661,7
662,1
662,3
662,4
663,0
663,1
663,3
663,4
663,6
663,8
663,9
663,11
663,12
663,14
663,16
663,17
663,19
664,0
664,2
664,3
664,5
664,7
664,8
701,1
701,2
701,4
702,0
702,1
702,3
702,4
703,1
703,2
703,4
703,6
703,7
704,0
704,1
704,3
705,0
705,1
705,3
705,4
705,6
706,0
706,2
706,4
706,5
706,7
707,0
707,2
707,4
707,5
707,7
708,0
708,2
708,4
708,5
709,0
709,1
709,3
709,4
710,0
710,2
710,3
710,5
710,6
711,1
711,3
711,4
712,0
712,1
712,3
712,4
713,1
713,3
713,4
713,6
714,0
714,2
714,4
714,5
715,0
715,1
715,3
715,4
715,6
715,8
715,9
716,1
716,2
716,4
716,6
716,7
717,1
717,2
717,4
718,0
718,1
718,3
718,4
718,6
718,7
718,9
718,11
719,0
719,2
719,3
719,5
720,0
720,1
720,3
720,4
720,6
721,0
721,2
721,4
721,5
721,7
721,8
721,10
721,12
721,13
721,15
721,16
721,18
721,19
721,21
722,1
722,2
723,0
723,1
723,3
724,1
724,2
725,0
725,1
725,3
726,0
726,2
727,0
727,1
727,3
728,0
728,2
729,0
729,1
729,3
730,0
730,2
731,0
731,1
731,3
732,0
732,2
732,3
733,1
733,3
733,4
733,6
734,0
734,2
734,4
734,5
735,0
735,1
735,3
735,4
735,6
735,8
735,9
735,11
735,12
736,1
736,3
736,4
736,6
736,7
736,9
736,10
737,1
737,3
738,0
738,2
738,3
739,1
739,3
740,0
740,2
740,3
741,1
741,3
742,0
742,2
742,3
743,1
743,2
744,0
744,2
744,3
745,1
745,2
746,0
746,2
746,3
747,1
747,2
748,0
748,1
748,3
748,5
748,6
749,1
749,2
749,4
750,1
750,2
750,4
750,5
750,7
751,0
751,2
751,4
751,5
752,0
752,1
752,3
752,5
752,6
752,8
752,9
753,0
753,1
753,3
753,5
753,6
754,1
754,2
754,4
754,6
754,7
754,9
754,10
754,12
754,14
755,0
755,2
755,3
755,5
755,6
755,8
755,10
756,0
756,2
756,3
756,5
757,0
757,1
757,3
757,4
770,0
770,1
770,3
770,5
771,0
771,2
771,3
771,5
772,1
772,2
772,4
772,5
772,7
772,8
772,10
772,12
773,0
773,2
773,3
773,5
773,7
773,8
773,10
774,0
774,2
775,0
775,1
775,3
776,0
776,2
776,3
777,1
777,3
778,0
778,2
778,3
779,1
779,3
780,0
780,2
780,3
781,1
781,2
782,0
782,2
782,3
783,1
783,2
784,0
784,2
784,3
785,1
785,2
785,4
785,5
786,0
786,2
786,3
787,0
787,1
787,3
788,0
788,1
788,3
788,4
788,6
789,1
789,2
789,4
789,5
789,7
789,8
789,10
790,1
790,2
790,4
790,5
797,1
797,3
797,4
797,6
797,7
797,9
797,10
797,12
797,14
797,15
797,17
797,18
797,20
798,0
798,1
798,3
799,0
799,2
799,3
800,1
800,3
801,0
801,2
801,3
802,1
802,3
803,0
803,2
803,3
804,1
804,2
805,0
805,2
805,3
806,1
806,2
807,0
807,2
807,3
808,1
808,2
809,0
809,2
809,3
809,5
809,6
810,0
810,1
810,3
810,5
810,6
811,1
811,2
811,4
811,6
812,0
812,2
812,3
812,5
812,6
812,4
812,1
811,5
811,3
811,0
810,4
810,2
809,7
809,4
809,1
808,3
808,0
807,1
806,3
806,0
805,1
804,3
804,0
803,1
802,2
802,0
801,1
800,2
800,0
799,1
798,2
797,21
797,19
797,16
797,13
797,11
797,8
797,5
797,2
797,0
790,3
790,0
789,9
789,6
789,3
789,0
788,5
788,2
787,4
787,2
786,4
786,1
785,6
785,3
785,0
784,1
783,3
783,0
782,1
781,3
781,0
780,1
779,2
779,0
778,1
777,2
777,0
776,1
775,2
774,3
774,1
773,9
773,6
773,4
773,1
772,11
772,9
772,6
772,3
772,0
771,4
771,1
770,4
770,2
757,5
757,2
756,6
756,4
756,1
755,9
755,7
755,4
755,1
754,13
754,11
754,8
754,5
754,3
754,0
753,4
753,2
752,10
752,7
752,4
752,2
751,6
751,3
751,1
750,6
750,3
750,0
749,3
749,0
748,4
748,2
747,3
747,0
746,1
745,3
745,0
744,1
743,3
743,0
742,1
741,2
741,0
740,1
739,2
739,0
738,1
737,2
737,0
736,8
736,5
736,2
736,0
735,10
735,7
735,5
735,2
734,6
734,3
734,1
733,5
733,2
733,0
732,1
731,2
730,3
730,1
729,2
728,3
728,1
727,2
726,3
726,1
725,2
724,3
724,0
723,2
722,3
722,0
721,20
721,17
721,14
721,11
721,9
721,6
721,3
721,1
720,5
720,2
719,6
719,4
719,1
718,10
718,8
718,5
718,2
717,5
717,3
717,0
716,5
716,3
716,0
715,7
715,5
715,2
714,6
714,3
714,1
713,5
713,2
713,0
712,2
711,5
711,2
711,0
710,4
710,1
709,5
709,2
708,6
708,3
708,1
707,6
707,3
707,1
706,6
706,3
706,1
705,5
705,2
704,4
704,2
703,8
703,5
703,3
703,0
702,2
701,5
701,3
701,0
664,6
664,4
664,1
663,18
663,15
663,13
663,10
663,7
663,5
663,2
662,5
662,2
662,0
661,5
661,2
661,0
660,4
660,1
659,5
659,2
658,6
658,3
658,1
657,4
657,1
656,7
656,4
656,1
655,6
655,4
655,1
654,5
654,3
654,0
653,3
653,0
652,4
652,1
651,4
651,2
650,7
650,4
650,2
649,7
649,4
649,1
648,4
648,1
647,5
647,3
647,0
646,1
645,2
645,0
644,1
643,2
643,0
642,1
641,2
640,3
640,1
639,2
638,3
638,1
637,2
636,3
636,1
635,9
635,6
635,3
635,1
634,11
634,8
634,6
634,3
634,0
633,4
633,2
632,6
632,3
632,1
631,2
630,3
630,0
629,2
628,3
628,0
627,2
626,3
626,0
625,1
624,3
624,0
623,1
622,3
622,0
621,1
620,39
620,36
620,33
620,30
620,28
620,25
620,22
620,20
620,17
620,14
620,11
620,9
620,6
620,3
620,1
619,5
619,2
618,11
618,9
618,6
618,3
618,1
617,13
617,10
617,8
617,5
617,2
616,6
616,4
616,1
615,9
615,7
615,4
615,1
614,6
614,4
614,1
613,5
613,3
613,0
612,8
612,5
612,3
612,0
611,5
611,3
611,0
610,2
609,6
609,4
609,1
608,2
608,0
607,1
606,2
606,0
605,1
604,2
603,3
603,1
602,2
601,3
601,1
600,2
599,3
599,0
598,2
597,10
597,7
597,5
597,2
596,12
596,9
596,7
596,4
596,1
595,6
595,3
595,0
594,5
594,2
593,3
593,0
592,2
591,3
591,0
590,2
589,3
588,3
587,3
587,1
586,1
585,1
584,2
583,2
582,36
582,33
582,31
582,28
582,25
582,23
582,20
582,17
582,14
582,12
582,9
582,6
582,4
582,1
581,4
581,2
580,10
580,7
580,4
580,2
579,5
579,2
578,8
578,5
578,2
577,3
577,1
576,1
575,4
575,2
574,9
574,6
574,3
574,1
573,5
573,2
572,4
572,1
571,4
571,2
570,2
569,2
568,2
567,3
566,3
565,3
565,1
564,1
563,1
562,1
561,2
560,2
559,9
559,7
559,4
559,1
558,10
558,8
558,5
558,2
557,6
557,3
556,6
556,4
556,1
555,1
554,1
553,2
552,2
551,2
550,3
549,3
548,3
547,3
547,1
546,1
545,1
544,36
544,33
544,30
544,27
544,25
544,22
544,19
544,17
544,14
544,11
544,8
544,6
544,3
543,6
543,4
543,1
542,9
542,7
542,4
542,1
541,3
541,1
540,1
539,4
539,2
538,10
538,7
538,4
538,2
537,9
537,6
537,4
537,1
536,4
536,1
535,6
535,3
534,4
534,2
533,2
532,2
531,3
530,3
529,3
528,3
528,1
527,1
526,1
525,2
524,2
523,2
522,9
522,7
522,4
522,1
521,11
521,8
521,5
521,2
520,6
520,3
519,6
519,4
519,1
518,1
517,1
516,2
515,2
514,2
513,3
512,3
511,3
511,1
510,1
509,1
508,1
507,36
507,33
507,30
507,28
507,25
507,22
507,19
507,17
507,14
507,11
507,9
507,6
507,3
506,6
506,4
506,1
505,9
505,7
505,4
505,1
504,5
504,2
503,5
503,2
502,10
502,7
502,4
502,2
501,5
501,2
500,6
500,4
500,1
499,2
498,6
498,3
497,3
496,3
496,1
495,1
494,1
493,2
492,2
491,2
0,356
0,355
0,354
0,353
0,375
0,373
0,322
0,368
0,369
0,300
0,299
0,298
0,297
0,296
0,295
0,294
0,293
0,292
0,291
0,290
0,289
0,288
0,287
0,286
0,285
0,284
0,283
0,282
0,281
0,280
0,279
0,278
0,277
0,276
0,275
0,274
0,273
0,272
0,271
0,270
0,269
0,268
0,267
0,266
0,265
0,264
0,263
0,262
0,261
0,260
0,259
0,258
0,257
0,256
0,255
0,254
0,253
0,252
0,251
0,250
0,249
0,248
0,247
0,246
0,245
0,244
0,242
0,241
0,240
0,239
0,238
0,237
0,236
0,235
0,234
0,233
0,232
0,231
0,230
0,229
0,228
0,227
0,226
0,225
0,224
0,223
0,222
0,221
0,220
0,219
0,218
0,217
0,216
0,215
0,214
0,213
0,212
0,211
0,210
0,209
0,208
0,207
0,206
0,205
0,204
0,203
0,202
0,201
0,200
0,199
0,198
0,197
0,196
0,195
0,194
0,193
0,192
0,63
0,62
0,61
0,60
0,59
0,58
0,57
0,56
0,55
0,54
0,53
0,52
0,51
0,50
0,49
0,48
0,47
0,46
0,45
0,6
0,0
0,5
0,304
0,303
0,306
0,305
0,302
0,372
0,12
0,376
0,10
0,370
0,8
0,337
0,11
0,4
0,2
0,3
0,7
